delete 100 9950 14874
delete 100 9850 40
delete 100 9750 20743
delete 100 9650 49
delete 100 9550 19103
delete 100 9450 40
delete 100 9350 20427
delete 100 9250 40
delete 100 9150 16308
delete 100 9050 39
delete 100 8950 12228
delete 100 8850 40
delete 100 8750 12043
delete 100 8650 40
delete 100 8550 11844
delete 100 8450 40
delete 100 8350 11629
delete 100 8250 40
delete 100 8150 11555
delete 100 8050 39
delete 100 7950 10362
delete 100 7850 40
delete 100 7750 10237
delete 100 7650 40
delete 100 7550 10100
delete 100 7450 40
delete 100 7350 10952
delete 100 7250 40
delete 100 7150 9836
delete 100 7050 40
delete 100 6950 8733
delete 100 6850 40
delete 100 6750 11188
delete 100 6650 40
delete 100 6550 9052
delete 100 6450 1051
delete 100 6350 8444
delete 100 6250 41
delete 100 6150 9727
delete 100 6050 48
delete 100 5950 8315
delete 100 5850 48
delete 100 5750 8143
delete 100 5650 39
delete 100 5550 9186
delete 100 5450 40
delete 100 5350 8019
delete 100 5250 40
delete 100 5150 7860
delete 100 5050 48
delete 100 4950 6446
delete 100 4850 40
delete 100 4750 6271
delete 100 4650 40
delete 100 4550 7435
delete 100 4450 45
delete 100 4350 6163
delete 100 4250 45
delete 100 4150 6174
delete 100 4050 40
delete 100 3950 5734
delete 100 3850 53
delete 100 3750 5628
delete 100 3650 40
delete 100 3550 4456
delete 100 3450 49
delete 100 3350 5441
delete 100 3250 42
delete 100 3150 4203
delete 100 3050 40
delete 100 2950 4008
delete 100 2850 41
delete 100 2750 3912
delete 100 2650 40
delete 100 2550 3793
delete 100 2450 39
delete 100 2350 3628
delete 100 2250 39
delete 100 2150 2461
delete 100 2050 40
delete 100 1950 3379
delete 100 1850 47
delete 100 1750 2216
delete 100 1650 40
delete 100 1550 2066
delete 100 1450 46
delete 100 1350 1927
delete 100 1250 39
delete 100 1150 1795
delete 100 1050 39
delete 100 950 1680
delete 100 850 39
delete 100 750 530
delete 100 650 45
delete 100 550 1436
delete 100 450 48
delete 100 350 262
delete 100 250 40
delete 100 150 113
delete 100 50 39
