find 100 100 38
find 100 100 39
find 100 200 101
find 100 200 39
find 100 300 172
find 100 300 36
find 100 400 235
find 100 400 36
find 100 500 321
find 100 500 36
find 100 600 375
find 100 600 36
find 100 700 455
find 100 700 36
find 100 800 513
find 100 800 38
find 100 900 594
find 100 900 38
find 100 1000 655
find 100 1000 36
find 100 1100 717
find 100 1100 36
find 100 1200 801
find 100 1200 36
find 100 1300 2856
find 100 1300 36
find 100 1400 2926
find 100 1400 38
find 100 1500 1991
find 100 1500 41
find 100 1600 2064
find 100 1600 37
find 100 1700 2114
find 100 1700 36
find 100 1800 3198
find 100 1800 36
find 100 1900 2249
find 100 1900 37
find 100 2000 2306
find 100 2000 36
find 100 2100 3428
find 100 2100 36
find 100 2200 2442
find 100 2200 36
find 100 2300 3522
find 100 2300 36
find 100 2400 3630
find 100 2400 36
find 100 2500 2649
find 100 2500 37
find 100 2600 4482
find 100 2600 37
find 100 2700 3787
find 100 2700 36
find 100 2800 3848
find 100 2800 36
find 100 2900 3918
find 100 2900 37
find 100 3000 3993
find 100 3000 36
find 100 3100 4050
find 100 3100 36
find 100 3200 4137
find 100 3200 37
find 100 3300 4188
find 100 3300 37
find 100 3400 4254
find 100 3400 36
find 100 3500 5321
find 100 3500 36
find 100 3600 4387
find 100 3600 36
find 100 3700 5453
find 100 3700 36
find 100 3800 4539
find 100 3800 36
find 100 3900 5588
find 100 3900 40
find 100 4000 5667
find 100 4000 37
find 100 4100 5733
find 100 4100 39
find 100 4200 4779
find 100 4200 36
find 100 4300 5855
find 100 4300 37
find 100 4400 5929
find 100 4400 36
find 100 4500 6001
find 100 4500 36
find 100 4600 7204
find 100 4600 38
find 100 4700 6126
find 100 4700 36
find 100 4800 6216
find 100 4800 42
find 100 4900 6260
find 100 4900 36
find 100 5000 7342
find 100 5000 37
find 100 5100 6394
find 100 5100 36
find 100 5200 7469
find 100 5200 36
find 100 5300 6536
find 100 5300 37
find 100 5400 7624
find 100 5400 37
find 100 5500 7856
find 100 5500 37
find 100 5600 7856
find 100 5600 37
find 100 5700 8087
find 100 5700 45
find 100 5800 8210
find 100 5800 37
find 100 5900 9319
find 100 5900 37
find 100 6000 8424
find 100 6000 38
find 100 6100 9573
find 100 6100 43
find 100 6200 8539
find 100 6200 37
find 100 6300 9738
find 100 6300 42
find 100 6400 8984
find 100 6400 36
find 100 6500 9347
find 100 6500 37
find 100 6600 8298
find 100 6600 36
find 100 6700 9475
find 100 6700 36
find 100 6800 8532
find 100 6800 37
find 100 6900 9622
find 100 6900 37
find 100 7000 9672
find 100 7000 37
find 100 7100 8732
find 100 7100 36
find 100 7200 9817
find 100 7200 37
find 100 7300 9872
find 100 7300 37
find 100 7400 9937
find 100 7400 36
find 100 7500 12327
find 100 7500 37
find 100 7600 10269
find 100 7600 37
find 100 7700 9506
find 100 7700 36
find 100 7800 9768
find 100 7800 37
find 100 7900 13289
find 100 7900 36
find 100 8000 10349
find 100 8000 36
find 100 8100 11411
find 100 8100 36
find 100 8200 10474
find 100 8200 37
find 100 8300 11542
find 100 8300 36
find 100 8400 10605
find 100 8400 36
find 100 8500 11686
find 100 8500 36
find 100 8600 11849
find 100 8600 37
find 100 8700 11694
find 100 8700 36
find 100 8800 11928
find 100 8800 37
find 100 8900 11984
find 100 8900 37
find 100 9000 12010
find 100 9000 36
find 100 9100 12082
find 100 9100 36
find 100 9200 12149
find 100 9200 36
find 100 9300 12204
find 100 9300 36
find 100 9400 12842
find 100 9400 37
find 100 9500 13348
find 100 9500 36
find 100 9600 12410
find 100 9600 36
find 100 9700 13488
find 100 9700 36
find 100 9800 12538
find 100 9800 36
find 100 9900 13616
find 100 9900 38
find 100 10000 13581
find 100 10000 36
