add 100 50 9
add 100 150 8
add 100 250 7
add 100 350 7
add 100 450 8
add 100 550 11
add 100 650 8
add 100 750 8
add 100 850 7
add 100 950 17
add 100 1050 7
add 100 1150 10
add 100 1250 8
add 100 1350 7
add 100 1450 8
add 100 1550 8
add 100 1650 8
add 100 1750 11
add 100 1850 8
add 100 1950 7
add 100 2050 11
add 100 2150 7
add 100 2250 7
add 100 2350 10
add 100 2450 7
add 100 2550 7
add 100 2650 7
add 100 2750 7
add 100 2850 9
add 100 2950 10
add 100 3050 8
add 100 3150 8
add 100 3250 8
add 100 3350 7
add 100 3450 10
add 100 3550 7
add 100 3650 7
add 100 3750 8
add 100 3850 8
add 100 3950 8
add 100 4050 10
add 100 4150 7
add 100 4250 8
add 100 4350 8
add 100 4450 7
add 100 4550 7
add 100 4650 9
add 100 4750 12
add 100 4850 8
add 100 4950 7
add 100 5050 7
add 100 5150 7
add 100 5250 10
add 100 5350 7
add 100 5450 8
add 100 5550 8
add 100 5650 9
add 100 5750 7
add 100 5850 10
add 100 5950 7
add 100 6050 7
add 100 6150 7
add 100 6250 7
add 100 6350 9
add 100 6450 9
add 100 6550 7
add 100 6650 7
add 100 6750 8
add 100 6850 8
add 100 6950 10
add 100 7050 7
add 100 7150 7
add 100 7250 7
add 100 7350 7
add 100 7450 7
add 100 7550 9
add 100 7650 9
add 100 7750 7
add 100 7850 7
add 100 7950 7
add 100 8050 7
add 100 8150 9
add 100 8250 7
add 100 8350 7
add 100 8450 12
add 100 8550 8
add 100 8650 7
add 100 8750 9
add 100 8850 8
add 100 8950 7
add 100 9050 7
add 100 9150 7
add 100 9250 7
add 100 9350 11
add 100 9450 7
add 100 9550 7
add 100 9650 7
add 100 9750 7
add 100 9850 10
add 100 9950 7
